circumference = 628.3185
rf_voltage = 0.0212942055191
phi_s = 0
harmonic_number = 9
gamma_transition = 6.08387772341
n_macroparticles = 50000
energy = 2336654575.29
gamma = 2.49038072769
bunch_length = 1.4e-07
x0 = -2.16799708442e-13
xp0 = -5.76207370599e-14
betax0 = 22.4485259326
alphax0 = 0.0284290812678
etax0 = 3.1222975821
etapx0 = -0.00111038291962
y0 = 0.0
yp0 = 0.0
betay0 = 11.7189852793
alphay0 = 0.0548886463919
etay0 = 0.0
etapy0 = 0.0
epsn_x = 1e-06
epsn_y = 1.2e-06
TransverseCut = 5
