betay0 = 22.20174814
lattice_start = BWSH65
DistType = Tomo
energy = 2336654575.29
etay0 = 2.15468325245e-06
intensity = 7.25e+11
LongitudinalCut = 2.4
y0 = 0.0
kin_Energy = 1.3983825255
LongitudinalJohoParameter = 1.2
alphax0 = 0.00139207062964
blength = 1.4e-07
epsn_y = 1.2e-06
epsn_x = 1e-06
TransverseCut = 5
flat_file = ../Optimised_Lattice/Flat_Files/H_21_24/PTC-PyORBIT_flat_file.flt
length = 69.8131666667
dpp_rms = 0.00087
machine = PS
n_macroparticles = 500000
etapy0 = 0.0
phi_s = 0
yp0 = 0.0
etax0 = 2.52024856441
sig_z = 9.60965983033
bunch_label = PS_Optimised_Lattice_Tune_621_624_BWSH65
harmonic_number = 9
alphay0 = 0.0428304354128
betax0 = 12.40877927
x0 = 0.0
lattice_version = Optimised
rf_voltage = 0.0212942055191
gamma_transition = 6.08387772341
circumference = 628.3185
bunch_length = 1.4e-07
bunch_save_name = PyORBIT_Tomo_Bunch_Manual_Twiss_Nmp_500000_PS_Optimised_Lattice_Tune_621_624_BWSH65
beta = 0.915839281848
etapx0 = 0.0
tuney = 624
tunex = 621
tomo_file = PyORBIT_Tomo_file_MD4224_HB.mat
macrosize = 1450000.0
xp0 = 0.0
gamma = 2.49038072769
