circumference = 628.318530697
rf_voltage = 0.0212942055191
phi_s = 0
harmonic_number = 9
gamma_transition = 6.08434817997
n_macroparticles = 50000
energy = 2338272055.0
gamma = 2.49210461976
bunch_length = 1.4e-07
x0 = 0.0
xp0 = 0.0
betax0 = 12.4174643191
alphax0 = 0.00139207062964
etax0 = 2.52024856441
etapx0 = 0.0
y0 = 0.0
yp0 = 0.0
betay0 = 22.7637014721
alphay0 = 0.0428304354128
etay0 = 2.15468325245e-06
etapy0 = 0.0
epsn_x = 1e-06
epsn_y = 1.2e-06
TransverseCut = 5
