circumference = 628.3185
rf_voltage = 0.0212942055191
phi_s = 0
harmonic_number = 9
gamma_transition = 6.08395649606
n_macroparticles = 500000
energy = 2336654575.29
gamma = 2.49038072769
bunch_length = 1.4e-07
x0 = 7.21102083287e-13
xp0 = 1.31498723874e-14
betax0 = 22.4385362831
alphax0 = 0.0283598649699
etax0 = 3.12505610992
etapx0 = -0.00118367574022
y0 = 0.0
yp0 = 0.0
betay0 = 11.7153837244
alphay0 = 0.0546771390097
etay0 = 0.0
etapy0 = 0.0
epsn_x = 1e-06
epsn_y = 1.2e-06
TransverseCut = 5
